2.37531
0.27894
0.240376
0.249092
300.051
0.282838
300.038
0.556873
300.032
0.281355
0.332534
300.044
0.45555
0.270067
0.376151
300.046
300.033
300.05
0.545611
0.448295
1.27959
0.412552
300.035
0.295349
0.261897
1.05035
0.487115
0.397653
0.414403
300.035
0.403719
300.034
0.321049
300.041
0.347452
0.408433
55.3229
0.594877
0.361263
0.396107
300.036
300.03
300.048
0.624836
0.537869
0.639955
300.026
300.02
0.336783
0.336901
0.559074
0.375028
0.311888
0.3217
300.035
0.280719
300.017
0.347479
300.031
0.318993
0.352975
300.027
0.345597
0.351076
7.62322
0.462883
0.462789
300.037
0.348263
0.351682
0.336545
0.338488
0.472587
0.301192
0.308987
172.495
1.10319
3.98865
3.04941
239.22
103.772
300.064
0.226158
27.5652
4.4707
25.4217
1.73296
7.3354
1.8711
71.8057
85.8432
63.4076
300.06
0.960899
4.91407
8.43501
1.35701
35.3909
1.01956
0.810234