0.462758
0.312042
300.042
0.532462
0.401568
0.785027
300.039
300.029
300.044
0.414007
0.320989
300.042
300.036
0.846938
17.2781
300.051
300.053
300.036
0.347294
0.303775
0.316511
0.527245
0.688426
0.300081
0.320379
0.679516
0.449347
300.021
1.06239
300.029
0.880129
300.038
300.067
300.033
0.527235
0.498785
300.075
300.031
1.10321
300.031
300.022
300.068
300.026
0.687343
0.602931
0.614072
287.326
3.71516
2.08187
1.06011
167.447
0.359568
300.024
0.583184
300.038
0.426002
300.03
300.032
300.024
0.902625
0.433581
300.024
300.027
0.460356
0.516881
300.038
300.045
300.026
0.496614
0.45091
0.66209
0.597177
300.04
0.373812
0.346066
300.058
17.7615
22.5659
9.00133
300.081
8.04463
300.048
44.7292
94.0005
1.36622
6.31984
25.9088
2.31615
0.572942
300.05
300.076
10.8841
300.047
1.03896
3.28761
32.063
1.64568
234.086
1.2174
4.55204