300.053
300.045
300.039
300.047
300.049
300.041
300.037
300.054
300.046
300.041
300.046
300.037
0.42163
300.044
300.063
300.04
300.067
300.047
300.068
300.047
5.16528
300.037
300.038
300.063
300.055
300.04
300.059
300.033
300.048
300.04
300.042
300.04
300.05
300.043
300.046
300.044
300.038
0.417527
300.045
300.044
1.11763
300.053
300.063
300.045
300.049
300.061
300.047
300.041
300.052
300.069
300.052
300.061
300.045
300.03
300.036
300.054
300.043
300.051
300.045
300.057
14.1169
300.055
0.433892
300.044
300.054
300.075
300.051
300.065
300.046
300.044
300.061
300.046
300.049
300.056
0.859149
300.048
300.035
300.046
300.041
300.05
300.046
300.058
300.051
300.04
300.049
300.048
300.027
1.58585
143.649
300.041
300.058
300.042
300.054
300.044
300.046
3.14181
300.037
300.037
81.7649
300.041