300.07
300.04
300.057
300.055
300.036
300.037
300.056
300.046
300.073
4.08708
300.104
300.038
0.414934
0.617434
300.135
300.046
300.047
300.037
300.048
300.034
0.517223
300.027
300.056
300.045
300.067
300.073
4.23331
300.05
300.049
300.025
300.041
300.058
300.063
300.042
7.90531
300.051
300.056
0.415501
0.648771
300.048
300.052
300.05
300.06
300.049
300.034
0.555759
300.042
300.052
11.2694
300.062
300.059
300.06
0.462336
300.04
300.039
300.053
300.039
300.045
300.032
300.044
300.037
300.042
300.069
0.465376
300.07
300.053
300.05
300.051
300.046
300.074
0.847164
300.071
300.051
300.043
300.043
300.06
193.938
300.055
300.044
300.047
300.04
300.051
300.047
300.047
266.438
300.046
300.029
19.6789
194.806
300.044
300.059
300.049
300.037
300.064
40.0888
300.078
300.055
300.04
5.62516
25.4102