300.054
0.21087
0.180577
0.212885
0.196543
0.183077
300.047
0.150426
7.66099
0.180353
0.216781
0.256385
0.201119
0.162814
0.258385
0.29327
0.194155
300.037
0.206605
0.177338
0.208178
0.15311
13.5202
0.190606
0.191959
0.83737
0.22314
0.191381
0.240891
0.273982
0.187252
300.037
0.272022
14.1416
0.299908
0.355612
0.41763
0.328999
0.26857
0.423513
0.508418
0.315456
300.03
0.312476
0.298588
0.324627
0.23837
300.025
0.2905
0.285884
0.597929
0.605345
0.520048
0.594578
0.53944
0.627077
8.27228
0.575438
60.6159
0.625209
0.645537
300.029
0.399633
0.296804
0.464087
0.78943
300.024
300.03
0.394155
0.354472
0.383515
0.334298
0.483582
0.293112
0.327277
300.075
4.20701
2.24309
1.70337
5.42303
64.8326
6.05466
0.368808
0.780706
0.646113
0.506288
0.978534
1.17852
0.477326
0.936735
51.0334
2.9858
300.057
0.566416
1.14647
11.4789
0.772062
33.7388
0.197225
0.179847