300.057
0.61111
300.039
0.715773
300.033
300.028
300.025
300.046
300.016
1.82324
0.548865
300.15
0.506677
1.01443
300.025
300.078
300.041
300.037
0.442143
0.375213
0.47886
300.028
64.0831
0.486746
0.422501
300.044
0.749596
300.033
0.64747
300.039
300.027
300.039
300.026
300.084
13.1725
2.86238
300.021
0.503136
0.91713
300.053
300.026
300.025
300.036
0.747726
0.618147
0.690594
300.019
300.031
300.04
0.532005
300.024
0.441197
300.035
0.624747
300.028
300.03
300.032
300.035
300.052
300.029
0.541661
300.027
0.462237
0.408092
300.045
300.034
300.039
300.04
0.537497
0.490105
0.435988
300.067
300.027
2.61741
0.380639
300.056
1.23593
4.50059
2.12425
300.048
2.50991
300.032
300.041
300.047
7.12452
0.963887
300.029
2.1408
0.99172
300.058
6.08317
300.055
300.066
2.31447
3.43235
2.76789
300.029
63.3001
3.11449
20.5299