1.28509
0.863015
0.710003
1.55638
5.70583
0.43544
3.77646
300.11
117.888
15.9062
300.047
300.039
10.6654
71.4169
12.209
8.9465
7.87401
210.425
34.3485
55.4628
70.1269
0.257338
3.2033
300.03
2.27449
1.54673
0.44106
0.404396
0.551817
22.6599
0.364958
1.14881
60.5977
8.40983
4.24311
29.6522
300.064
0.684363
8.71716
1.58422
2.43083
3.44269
182.63
13.2472
2.98803
21.8861
0.257095
1.5535
111.54
2.44246
2.18481
0.368573
0.353135
0.569457
6.14559
0.348126
2.13568
300.058
11.6695
2.81517
300.055
205.36
0.76199
7.11793
1.21253
3.41041
2.27424
34.1052
13.2561
5.64062
19.8517
0.246683
1.32091
300.034
1.7337
2.2475
0.397111
0.355404
0.552342
23.7067
0.358696
2.58217
300.055
9.11188
3.78177
123.768
84.5473
0.784163
7.40669
1.20743
3.48405
2.24602
36.4368
12.8081
5.37094
18.4765
0.242979
1.16709
300.036
1.76394
1.67063
0.436628
0.53148
0.738162
30.0674
0.369266
2.20891
8.96242
8.27924
4.17326
167.977
124.304
0.707232
9.16634
1.42171
1.7624
2.2002
44.0172
15.7322
3.41166
19.3907
0.327224
1.26506
300.034
1.78642
1.59311
0.341805
0.501181
0.546936
13.4017
0.359402
2.11378
8.41536
8.41394
3.48794
156.812
122.04
0.697478
9.02192
1.30386
2.23742
2.24525
44.0468
15.276
3.29928
19.6543
0.324074
1.1414
300.025
1.82506
2.07504
0.372182
0.526475
0.547
12.2158
0.354926
2.75844
7.32031
10.4944
5.77117
300.052
259.475
0.778535
8.99798
1.52613
1.35445
2.11016
8.8756
16.024
2.80921
17.9122
0.275613
0.967753
300.037
1.81467
2.0734
0.379366
0.508862
0.544174
26.5314
0.361006
3.01579
7.48354
10.8381
7.4264
300.057
300.075
0.694308
9.17519
1.50155
2.49247
2.41389
33.2081
14.4135
3.40773
17.6929
0.315947
1.13313
300.025
1.77669
1.64979
0.382587
0.500125
0.559582
25.3587
0.353522
3.23995
7.19411
8.65954
6.84933
300.052
146.717
0.66473
7.46262
1.50718
1.31697
2.14603
8.67619
19.5594
3.22374
16.8043
0.276851
0.947049
300.039
1.82747
0.754456
0.41268
0.461054
0.554216
20.3903
0.356632
3.31461
6.94584
8.82429
6.75099
300.048
300.061
0.659683
9.17093
1.5497
1.25993
2.12264
11.3734
15.8621
2.97869
18.8039
0.272989
1.05214
300.035
1.84809
0.746189
0.397283
0.446991
0.545663
24.5617
0.352216
3.54688
7.10052
6.87507
6.61449
300.049
208.187
0.728208
8.88955
1.71093
1.77024
2.16411
8.0501
16.0159
3.24637
18.9985
0.283639
1.02902
21.2389
1.75307
0.753182
0.415402
0.471637
0.567862
13.4301
0.347036
3.81286
6.9569
8.4703
6.57171
300.057
278.761
0.698469
9.02273
1.50874
1.28049
2.39401
11.2732
21.5243
3.06626
19.1399
0.297034
0.975827
300.034
1.99623