300.039
300.043
300.039
0.520617
300.036
300.04
300.032
300.031
300.043
4.01757
0.406698
300.035
300.055
300.04
300.036
300.042
300.041
300.032
300.186
1.59112
1.22615
300.032
300.029
300.039
0.490131
300.026
300.041
300.043
1.0179
300.058
300.028
300.032
300.042
300.039
17.6316
0.975338
300.031
300.026
300.031
300.039
300.035
300.038
300.016
300.022
0.805249
0.763563
300.03
300.026
300.034
0.897208
300.04
4.2546
300.028
1.67855
300.032
300.031
300.033
300.024
300.032
0.558404
0.48443
300.035
0.475422
50.7611
300.033
300.027
300.033
300.028
300.033
300.029
0.527857
300.038
300.029
4.67243
0.715556
300.064
142.297
17.3523
6.67418
300.043
300.037
300.04
300.052
300.049
15.3804
0.794812
300.038
0.49089
10.2555
300.051
14.473
300.043
300.048
300.051
5.96886
18.7024
300.043
300.04
4.87555
35.5939