2178
-1
2403
2202
2393
2293
2371
-1
2411
2062
-1
2413
-1
2247
2325
2471
2432
-1
2365
2557
2187
2336
-1
-1
2124
2178
-1
2385
2202
2388
2293
2371
-1
2410
2060
-1
2398
-1
2247
2337
2467
2432
-1
2365
2553
2187
2325
-1
-1
2121
2178
-1
2385
2204
2393
2293
2371
-1
2406
2062
-1
2402
-1
2251
2338
2471
2435
-1
2365
2553
2187
2325
-1
-1
2124
2177
-1
2403
2205
2393
2292
2371
-1
2411
2062
-1
2408
-1
2247
2333
2466
2439
-1
2365
2553
2187
2335
-1
-1
2125
2178
-1
2403
2178
2393
2292
2371
-1
2405
2062
-1
2406
2289
2247
2325
2467
2439
-1
2365
2553
2187
2335
-1
-1
2124
2178
-1
2403
2205
2393
2294
2371
-1
2405
2062
-1
2408
-1
2251
2325
2467
2435
-1
2365
2553
-1
2335
-1
-1
2125
2178
-1
2385
2178
2393
2292
2371
-1
2412
2062
-1
2416
2292
2251
2338
2467
2435
2435
2365
2553
-1
2325
-1
-1
2124
2178
-1
2385
2202
2393
2294
2371
-1
-1
2062
-1
2413
2288
2251
2331
2473
2435
-1
2365
2553
2187
2319
-1
-1
2125
2178
-1
2403
2222
2393
2292
2370
-1
2412
2062
-1
2400
-1
2247
2331
2466
2435
-1
2365
2553
-1
2325
-1
-1
2125
2178
-1
2403
2205
2393
2292
2371
-1
2412
2062
-1
2415
2289
2247
2331
2466
2447
2435
2364
2553
2187
2325
-1
-1
2125
2178
-1
2403
2178
2393
2292
2370
-1
2412
2062
-1
2412
2292
2247
2336
2466
2442
-1
2365
2553
2187
2325
-1
-1
2125
2178
-1
2403
2205
2393
2292
2371
-1
2412
2062
-1
2413
-1
2247
2336
2467
2447
2431
2365
2553
-1
2325
-1
-1
2125
2178
-1
2385
2204
2393
2292
2370
-1
2412
2062
-1
2416
2293
2251
2312
2476
2435
2432
-1
2553
2187
2307
-1
-1
2124
2178
-1
2381
2205
2393
2292
2371
-1
2408
2062
-1
2416
-1
2247
2337
2467
2448
2435
2365
2553
-1
2325
-1
-1
2121