0.462758
0.312042
300.042
0.532462
0.401568
0.785027
300.039
300.029
300.044
0.414007
0.320989
300.042
300.036
0.846938
17.2781
300.051
300.053
300.036
0.347294
0.303775
0.316511
0.527245
0.688426
0.300081
0.320379
0.679516
0.449347
300.021
1.06239
300.029
0.880129
300.038
300.067
300.033
0.527235
0.498785
300.075
300.031
1.10321
300.031
300.022
300.068
300.026
0.687343
0.602931
0.614072
287.326
3.71516
2.08187
1.06011
167.447
0.359568
300.024
0.583184
300.038
0.426002
300.03
300.032
300.024
0.902625
0.433581
300.024
300.027
0.460356
0.516881
300.038
300.045
300.026
0.496614
0.45091
0.66209
0.597177
300.04
0.373812
0.346066
300.068
6.91859
12.9448
1.7961
300.064
4.6983
300.051
15.2552
10.5201
4.56836
0.726498
18.8207
0.536071
0.958149
300.061
300.059
3.17323
300.042
1.24703
3.03055
1.67932
2.43216
26.5742
1.24409
6.59868