300.054
0.21087
0.180577
0.212885
0.196543
0.183077
300.047
0.150426
7.66099
0.180353
0.216781
0.256385
0.201119
0.162814
0.258385
0.29327
0.194155
300.037
0.206605
0.177338
0.208178
0.15311
13.5202
0.190606
0.191959
0.83737
0.22314
0.191381
0.240891
0.273982
0.187252
300.037
0.272022
14.1416
0.299908
0.355612
0.41763
0.328999
0.26857
0.423513
0.508418
0.315456
300.03
0.312476
0.298588
0.324627
0.23837
300.025
0.2905
0.285884
0.597929
0.605345
0.520048
0.594578
0.53944
0.627077
8.27228
0.575438
60.6159
0.625209
0.645537
300.029
0.399633
0.296804
0.464087
0.78943
300.024
300.03
0.394155
0.354472
0.383515
0.334298
0.483582
0.293112
0.327277
300.068
10.2571
2.04774
1.15968
12.3618
65.5433
4.62138
0.312428
0.356931
0.556879
0.222603
1.04703
0.606377
0.237837
1.02274
16.9255
5.36909
300.059
0.532179
0.719262
2.45248
0.553212
26.2632
0.187385
0.183799