16.8694
600.103
8.84164
356.693
361.635
54.1139
92.1234
600.069
228.924
380.74
600.114
20.1785
600.114
2.73175
57.3384
6.75162
13.5002
600.077
135.033
56.7203
142.379
4.17565
600.08
600.07
220.927
9.61315
600.08
7.14041
446.757
476.424
35.649
88.7404
600.056
290.05
284.359
600.106
43.9363
600.131
2.87968
7.6709
8.83677
9.60499
600.085
171.449
96.3762
159.014
10.1254
600.077
600.081
232.438
6.27326
600.088
7.19707
282.888
248.8
42.3627
157.412
600.081
248.129
199.979
600.12
78.71
600.121
2.86034
20.5154
3.00349
6.83767
600.095
139.855
36.9248
110.774
2.32481
600.071
600.079
194.424
5.61338
600.085
7.43018
231.224
211.1
24.0355
107.065
600.067
78.2855
367.448
600.116
33.2847
600.111
2.62588
16.5903
4.70076
11.2342
600.075
192.561
56.7357
185.279
5.36877
600.063
600.081
96.9365
5.09845
600.083
7.54976
171.702
206.851
27.9035
202.408
600.063
118.774
163.416
600.125
15.1815
13.1165
3.07195
15.2534
2.9652
4.7921
600.077
226.735
33.5863
164.18
3.33378
600.065
600.061
171.388
6.4449
600.105
6.53118
211.312
186.359
23.256
153.885
600.061
396.814
391.62
600.14
19.6049
600.116
2.45739
21.3677
4.52177
3.91531
600.087
132.079
54.9615
600.079
9.69528
600.082
600.067
153.058
7.11234
600.099
4.86942
279.685
149.248
28.6561
209.612
600.067
292.215
401.235
600.096
3.73305
6.91607
2.36241
17.5558
3.5264
2.92466
602.645
327.511
40.8507
600.079
9.40074
600.074
600.065
274.57
7.82203
600.081
6.54479
247.595
166.965
26.1842
148.335
600.074
600.142
217.699
600.117
12.2416
3.75213
2.43364
12.9916
2.21488
12.9423
600.081
249.472
37.6157
132.18
1.93767
600.074
600.064
184.243
12.2833
600.088
6.75979
311.676
166.163
24.2477
174.789
600.085
369.036
335.057
600.115
7.19849
600.115
2.48011
16.286
4.00977
6.10008
600.088
439.225
39.3917
600.08
6.71049
600.076
600.065
163.693
5.8662
600.096
7.03606
183.655
219.818
23.8932
175.649
600.063
217.371
236.717
600.121
3.15834
11.6532
2.61287
27.4248
4.9465
5.51264
603.47
115.816
44.0758
212.986
6.76005
600.07
600.065
188.317
7.69308
600.135
6.22375
230.386
147.003
24.2966
206.212
600.057
228.921
305.725
600.115
4.53842
8.00243
2.30806
16.4999
3.81054
4.93379
600.071
273.355
46.9516
367.284
9.01104
600.074
600.062
202.196
8.88273
600.089
5.95865
200.872
150.746
25.4318
211.629
600.061
223.284
414.961
600.127
2.252
600.099
2.44395
6.96866
3.23525
4.19578
456.568
485.733
39.3428
600.077
5.0819
600.084
600.077
210.59
4.6678
600.092
7.55172
264.609
284.422
49.4913
133.649
600.069
603.733
412.891
600.127
4.27689
7.17908
2.80216
22.2727
3.37787
16.3028
348.789
600.094
62.0613
133.785
4.82448
600.072
600.071
281.386
11.2571
600.093
8.88831
248.437
220.122
22.0449
203.509
600.062
194.43
249.2
600.111
2.41223
600.099
2.87832
7.63035
4.19407
4.85924
605.26
520.618
31.9649
600.086
3.73807
600.104
600.072
169.964