0.557308
0.272178
0.209727
0.216328
300.039
0.209782
300.05
0.193289
300.039
0.210706
0.260963
300.043
0.22605
0.184457
0.566861
0.555518
9.69847
300.043
0.248752
0.221906
0.215241
0.208464
300.047
0.19112
0.188761
0.629483
0.452034
0.357093
0.369591
300.035
0.485454
300.03
0.363841
300.025
0.420765
0.503949
300.028
0.336993
0.284635
258.068
0.486891
267.887
300.061
1.27123
0.983042
0.877045
0.950591
300.04
0.322984
0.337329
0.780004
0.534075
0.442741
0.456245
300.024
0.401723
300.028
0.323242
300.028
0.309847
0.357587
300.028
0.298854
0.326372
300.049
0.420609
300.029
300.031
0.298685
0.308394
0.316181
0.281038
0.457174
0.247805
0.253333
127.935
1.79086
3.86742
0.740983
49.1736
25.944
2.45637
0.252259
10.6475
12.0946
7.80287
3.29892
1.03623
0.289088
1.89834
8.2675
8.72591
300.067
1.00328
0.690921
1.48423
0.891118
107.37
0.353412
0.232861